{
 "cells": [
  {
   "metadata": {
    "ExecuteTime": {
     "end_time": "2024-11-07T05:59:58.754391Z",
     "start_time": "2024-11-07T05:59:58.728711Z"
    }
   },
   "cell_type": "code",
   "source": [
    "import numpy as np\n",
    "import pandas as pd\n",
    "import matplotlib.pyplot as plt\n",
    "import matplotlib\n",
    "import matplotlib.font_manager as fm"
   ],
   "id": "ee5bcfcb0efda0c1",
   "outputs": [],
   "execution_count": 36
  },
  {
   "metadata": {
    "ExecuteTime": {
     "end_time": "2024-11-07T05:59:58.816542Z",
     "start_time": "2024-11-07T05:59:58.765357Z"
    }
   },
   "cell_type": "code",
   "source": "df = pd.read_csv('./data/main_data.csv')",
   "id": "8772ea88182de6d7",
   "outputs": [],
   "execution_count": 37
  },
  {
   "cell_type": "code",
   "id": "initial_id",
   "metadata": {
    "collapsed": true,
    "ExecuteTime": {
     "end_time": "2024-11-07T05:59:58.874569Z",
     "start_time": "2024-11-07T05:59:58.854931Z"
    }
   },
   "source": [
    "import unicodedata\n",
    "\n",
    "# 유니코드 정규화 후 고유 값 확인\n",
    "df['CTGRY_THREE_NM'] = df['CTGRY_THREE_NM'].apply(lambda x: unicodedata.normalize('NFKC', x))\n",
    "unique_values_three = df['CTGRY_THREE_NM'].unique()\n",
    "unique_count_three = len(unique_values_three)\n",
    "\n",
    "# 유니코드 정규화 후 고유 값 확인\n",
    "df['CTGRY_TWO_NM'] = df['CTGRY_TWO_NM'].apply(lambda x: unicodedata.normalize('NFKC', x))\n",
    "unique_values_two = df['CTGRY_TWO_NM'].unique()\n",
    "unique_count_two = len(unique_values_two)\n",
    "\n",
    "# 유니코드 정규화 후 고유 값 확인\n",
    "df['CTGRY_ONE_NM'] = df['CTGRY_ONE_NM'].apply(lambda x: unicodedata.normalize('NFKC', x))\n",
    "unique_values_one = df['CTGRY_ONE_NM'].unique()\n",
    "unique_count_one = len(unique_values_one)\n"
   ],
   "outputs": [],
   "execution_count": 38
  },
  {
   "metadata": {
    "ExecuteTime": {
     "end_time": "2024-11-07T05:59:58.902765Z",
     "start_time": "2024-11-07T05:59:58.899319Z"
    }
   },
   "cell_type": "code",
   "source": "unique_values_list = list(unique_values_one) + list(unique_values_two) + list(unique_values_three)",
   "id": "fe9c8cfe1705a8a4",
   "outputs": [],
   "execution_count": 39
  },
  {
   "metadata": {
    "ExecuteTime": {
     "end_time": "2024-11-07T05:59:58.929895Z",
     "start_time": "2024-11-07T05:59:58.925449Z"
    }
   },
   "cell_type": "code",
   "source": [
    "import pandas as pd\n",
    "from gensim.models.fasttext import load_facebook_model\n",
    "from itertools import combinations\n",
    "from sklearn.metrics.pairwise import cosine_similarity\n",
    "from gensim.models import KeyedVectors\n",
    "import fasttext"
   ],
   "id": "f7e53bf4c82448b",
   "outputs": [],
   "execution_count": 40
  },
  {
   "metadata": {
    "ExecuteTime": {
     "end_time": "2024-11-07T05:59:58.962272Z",
     "start_time": "2024-11-07T05:59:58.957276Z"
    }
   },
   "cell_type": "code",
   "source": [
    "# fastText 모델 로드 (Facebook 라이브러리 사용)\n",
    "# model = fasttext.load_model('./data/cc.ko.300.bin')\n",
    "\n",
    "# KeyedVectors 객체 생성\n",
    "# kv_model = KeyedVectors(vector_size=model.get_dimension())\n",
    "\n",
    "# 필요한 단어 벡터만 추가\n",
    "# for word in unique_values_list:\n",
    "#     kv_model.add_vector(word, model.get_word_vector(word))\n",
    "\n",
    "# KeyedVectors 형식으로 저장\n",
    "# kv_model.save(\"small_fasttext_model.kv\")"
   ],
   "id": "faccccad6778e5b7",
   "outputs": [],
   "execution_count": 41
  },
  {
   "metadata": {
    "ExecuteTime": {
     "end_time": "2024-11-07T05:59:59.014534Z",
     "start_time": "2024-11-07T05:59:58.985903Z"
    }
   },
   "cell_type": "code",
   "source": [
    "# KeyedVectors 모델 로드\n",
    "kv_model = KeyedVectors.load(\"./data/small_fasttext_model.kv\")\n",
    "\n",
    "# 빈 DataFrame 생성 (인덱스와 컬럼은 단어 리스트로 설정)\n",
    "similarity_df_one = pd.DataFrame(index=unique_values_one, columns=unique_values_one)\n",
    "\n",
    "# 모든 단어 쌍에 대해 유사도 계산\n",
    "for word1 in unique_values_one:\n",
    "    for word2 in unique_values_one:\n",
    "        # 두 단어가 모두 모델에 있을 때만 유사도 계산\n",
    "        if word1 in kv_model and word2 in kv_model:\n",
    "            # 벡터 추출\n",
    "            vec1 = kv_model[word1].reshape(1, -1)\n",
    "            vec2 = kv_model[word2].reshape(1, -1)\n",
    "            # 코사인 유사도 계산\n",
    "            similarity = cosine_similarity(vec1, vec2)[0][0]\n",
    "            similarity_df_one.loc[word1, word2] = similarity\n",
    "        else:\n",
    "            similarity_df_one.loc[word1, word2] = np.nan  # 모델에 없는 단어는 NaN 처리\n",
    "\n",
    "display(similarity_df_one)"
   ],
   "id": "8f7f71d57b2ead12",
   "outputs": [
    {
     "data": {
      "text/plain": [
       "           문화관광/명소  레저/체육/공원     전시/공연\n",
       "문화관광/명소        1.0  0.473242  0.490032\n",
       "레저/체육/공원  0.473242       1.0  0.514853\n",
       "전시/공연     0.490032  0.514853       1.0"
      ],
      "text/html": [
       "<div>\n",
       "<style scoped>\n",
       "    .dataframe tbody tr th:only-of-type {\n",
       "        vertical-align: middle;\n",
       "    }\n",
       "\n",
       "    .dataframe tbody tr th {\n",
       "        vertical-align: top;\n",
       "    }\n",
       "\n",
       "    .dataframe thead th {\n",
       "        text-align: right;\n",
       "    }\n",
       "</style>\n",
       "<table border=\"1\" class=\"dataframe\">\n",
       "  <thead>\n",
       "    <tr style=\"text-align: right;\">\n",
       "      <th></th>\n",
       "      <th>문화관광/명소</th>\n",
       "      <th>레저/체육/공원</th>\n",
       "      <th>전시/공연</th>\n",
       "    </tr>\n",
       "  </thead>\n",
       "  <tbody>\n",
       "    <tr>\n",
       "      <th>문화관광/명소</th>\n",
       "      <td>1.0</td>\n",
       "      <td>0.473242</td>\n",
       "      <td>0.490032</td>\n",
       "    </tr>\n",
       "    <tr>\n",
       "      <th>레저/체육/공원</th>\n",
       "      <td>0.473242</td>\n",
       "      <td>1.0</td>\n",
       "      <td>0.514853</td>\n",
       "    </tr>\n",
       "    <tr>\n",
       "      <th>전시/공연</th>\n",
       "      <td>0.490032</td>\n",
       "      <td>0.514853</td>\n",
       "      <td>1.0</td>\n",
       "    </tr>\n",
       "  </tbody>\n",
       "</table>\n",
       "</div>"
      ]
     },
     "metadata": {},
     "output_type": "display_data"
    }
   ],
   "execution_count": 42
  },
  {
   "metadata": {
    "ExecuteTime": {
     "end_time": "2024-11-07T05:59:59.086037Z",
     "start_time": "2024-11-07T05:59:59.047270Z"
    }
   },
   "cell_type": "code",
   "source": [
    "# 빈 DataFrame 생성 (인덱스와 컬럼은 단어 리스트로 설정)\n",
    "similarity_df_two = pd.DataFrame(index=unique_values_two, columns=unique_values_two)\n",
    "\n",
    "# 모든 단어 쌍에 대해 유사도 계산\n",
    "for word1 in unique_values_two:\n",
    "    for word2 in unique_values_two:\n",
    "        # 두 단어가 모두 모델에 있을 때만 유사도 계산\n",
    "        if word1 in kv_model and word2 in kv_model:\n",
    "            # 벡터 추출\n",
    "            vec1 = kv_model[word1].reshape(1, -1)\n",
    "            vec2 = kv_model[word2].reshape(1, -1)\n",
    "            # 코사인 유사도 계산\n",
    "            similarity = cosine_similarity(vec1, vec2)[0][0]\n",
    "            similarity_df_two.loc[word1, word2] = similarity\n",
    "        else:\n",
    "            similarity_df_two.loc[word1, word2] = np.nan  # 모델에 없는 단어는 NaN 처리\n",
    "\n",
    "display(similarity_df_two)"
   ],
   "id": "688d140cbb2f948a",
   "outputs": [
    {
     "data": {
      "text/plain": [
       "               관광지    대형체육시설    전시/기념관    대형레저시설        공원  영화/연극/공연\n",
       "관광지            1.0   0.20748   0.06798   0.14908  0.361791  0.023221\n",
       "대형체육시설     0.20748       1.0  0.424544  0.574813  0.138867  0.383858\n",
       "전시/기념관     0.06798  0.424544       1.0  0.480152  0.048942  0.377643\n",
       "대형레저시설     0.14908  0.574813  0.480152       1.0 -0.027068  0.493842\n",
       "공원        0.361791  0.138867  0.048942 -0.027068       1.0  0.033271\n",
       "영화/연극/공연  0.023221  0.383858  0.377643  0.493842  0.033271       1.0"
      ],
      "text/html": [
       "<div>\n",
       "<style scoped>\n",
       "    .dataframe tbody tr th:only-of-type {\n",
       "        vertical-align: middle;\n",
       "    }\n",
       "\n",
       "    .dataframe tbody tr th {\n",
       "        vertical-align: top;\n",
       "    }\n",
       "\n",
       "    .dataframe thead th {\n",
       "        text-align: right;\n",
       "    }\n",
       "</style>\n",
       "<table border=\"1\" class=\"dataframe\">\n",
       "  <thead>\n",
       "    <tr style=\"text-align: right;\">\n",
       "      <th></th>\n",
       "      <th>관광지</th>\n",
       "      <th>대형체육시설</th>\n",
       "      <th>전시/기념관</th>\n",
       "      <th>대형레저시설</th>\n",
       "      <th>공원</th>\n",
       "      <th>영화/연극/공연</th>\n",
       "    </tr>\n",
       "  </thead>\n",
       "  <tbody>\n",
       "    <tr>\n",
       "      <th>관광지</th>\n",
       "      <td>1.0</td>\n",
       "      <td>0.20748</td>\n",
       "      <td>0.06798</td>\n",
       "      <td>0.14908</td>\n",
       "      <td>0.361791</td>\n",
       "      <td>0.023221</td>\n",
       "    </tr>\n",
       "    <tr>\n",
       "      <th>대형체육시설</th>\n",
       "      <td>0.20748</td>\n",
       "      <td>1.0</td>\n",
       "      <td>0.424544</td>\n",
       "      <td>0.574813</td>\n",
       "      <td>0.138867</td>\n",
       "      <td>0.383858</td>\n",
       "    </tr>\n",
       "    <tr>\n",
       "      <th>전시/기념관</th>\n",
       "      <td>0.06798</td>\n",
       "      <td>0.424544</td>\n",
       "      <td>1.0</td>\n",
       "      <td>0.480152</td>\n",
       "      <td>0.048942</td>\n",
       "      <td>0.377643</td>\n",
       "    </tr>\n",
       "    <tr>\n",
       "      <th>대형레저시설</th>\n",
       "      <td>0.14908</td>\n",
       "      <td>0.574813</td>\n",
       "      <td>0.480152</td>\n",
       "      <td>1.0</td>\n",
       "      <td>-0.027068</td>\n",
       "      <td>0.493842</td>\n",
       "    </tr>\n",
       "    <tr>\n",
       "      <th>공원</th>\n",
       "      <td>0.361791</td>\n",
       "      <td>0.138867</td>\n",
       "      <td>0.048942</td>\n",
       "      <td>-0.027068</td>\n",
       "      <td>1.0</td>\n",
       "      <td>0.033271</td>\n",
       "    </tr>\n",
       "    <tr>\n",
       "      <th>영화/연극/공연</th>\n",
       "      <td>0.023221</td>\n",
       "      <td>0.383858</td>\n",
       "      <td>0.377643</td>\n",
       "      <td>0.493842</td>\n",
       "      <td>0.033271</td>\n",
       "      <td>1.0</td>\n",
       "    </tr>\n",
       "  </tbody>\n",
       "</table>\n",
       "</div>"
      ]
     },
     "metadata": {},
     "output_type": "display_data"
    }
   ],
   "execution_count": 43
  },
  {
   "metadata": {
    "ExecuteTime": {
     "end_time": "2024-11-07T05:59:59.368050Z",
     "start_time": "2024-11-07T05:59:59.172019Z"
    }
   },
   "cell_type": "code",
   "source": [
    "# 빈 DataFrame 생성 (인덱스와 컬럼은 단어 리스트로 설정)\n",
    "similarity_df_three = pd.DataFrame(index=unique_values_three, columns=unique_values_three)\n",
    "\n",
    "# 모든 단어 쌍에 대해 유사도 계산\n",
    "for word1 in unique_values_three:\n",
    "    for word2 in unique_values_three:\n",
    "        # 두 단어가 모두 모델에 있을 때만 유사도 계산\n",
    "        if word1 in kv_model and word2 in kv_model:\n",
    "            # 벡터 추출\n",
    "            vec1 = kv_model[word1].reshape(1, -1)\n",
    "            vec2 = kv_model[word2].reshape(1, -1)\n",
    "            # 코사인 유사도 계산\n",
    "            similarity = cosine_similarity(vec1, vec2)[0][0]\n",
    "            similarity_df_three.loc[word1, word2] = similarity\n",
    "        else:\n",
    "            similarity_df_three.loc[word1, word2] = np.nan  # 모델에 없는 단어는 NaN 처리\n",
    "\n",
    "display(similarity_df_three)"
   ],
   "id": "90c56392ca8cef0e",
   "outputs": [
    {
     "data": {
      "text/plain": [
       "             테마공원/대형놀이공원 종합운동장컴플렉스  기타전시/박물관   휴양림/수목원  대형전시/박물관       요트장  \\\n",
       "테마공원/대형놀이공원          1.0  0.460232  0.564528  0.462169  0.585151  0.011045   \n",
       "종합운동장컴플렉스       0.460232       1.0  0.499512  0.401006  0.523159  0.206173   \n",
       "기타전시/박물관        0.564528  0.499512       1.0  0.517192  0.795478  0.047699   \n",
       "휴양림/수목원         0.462169  0.401006  0.517192       1.0  0.486193   0.11365   \n",
       "대형전시/박물관        0.585151  0.523159  0.795478  0.486193       1.0  0.052036   \n",
       "요트장             0.011045  0.206173  0.047699   0.11365  0.052036       1.0   \n",
       "식물원             0.154041  0.207274  0.140374  0.113868  0.197808  0.248052   \n",
       "해수욕장            0.166301  0.190789  0.113145  0.087458  0.110126    0.3771   \n",
       "미술관             0.191546  0.203498  0.166887  0.139526  0.179973  0.133013   \n",
       "유명관광지           0.117248  0.168281  0.085501  0.011214  0.110192  0.410231   \n",
       "대형기념관/묘역        0.423263  0.429294  0.527172  0.401035  0.453916 -0.052156   \n",
       "대형시민/도심공원       0.466399  0.542013  0.601268  0.564371  0.604592  0.097049   \n",
       "골프장CC           0.300988  0.351504  0.473296   0.42559  0.428447 -0.015008   \n",
       "일반유원지/일반놀이공원    0.621738  0.563495  0.600185  0.491973  0.670467 -0.017314   \n",
       "동물원             0.230213  0.220186   0.13433  0.110497  0.172498  0.185588   \n",
       "퍼블릭골프장          0.169459  0.300747  0.257032  0.168538   0.16875  0.535147   \n",
       "N                0.05973  0.095097  0.072178  0.107472   0.09918  0.122317   \n",
       "공연/연극/문화센터      0.457857  0.582076  0.498366  0.433176  0.500519  0.256191   \n",
       "도립공원             0.16208   0.25455  0.099297  0.183522  0.127369  0.368157   \n",
       "대형미술관           0.454268  0.495373  0.521576  0.437502  0.538896  0.032082   \n",
       "월드컵경기장          0.199775  0.347693  0.186838  0.069253  0.200851  0.411268   \n",
       "컨벤션센터           0.189891  0.258459  0.124057  0.102844  0.131996  0.350453   \n",
       "\n",
       "                   식물원      해수욕장       미술관     유명관광지  ...     골프장CC  \\\n",
       "테마공원/대형놀이공원   0.154041  0.166301  0.191546  0.117248  ...  0.300988   \n",
       "종합운동장컴플렉스     0.207274  0.190789  0.203498  0.168281  ...  0.351504   \n",
       "기타전시/박물관      0.140374  0.113145  0.166887  0.085501  ...  0.473296   \n",
       "휴양림/수목원       0.113868  0.087458  0.139526  0.011214  ...   0.42559   \n",
       "대형전시/박물관      0.197808  0.110126  0.179973  0.110192  ...  0.428447   \n",
       "요트장           0.248052    0.3771  0.133013  0.410231  ... -0.015008   \n",
       "식물원                1.0  0.172425  0.453277  0.224428  ...  0.070396   \n",
       "해수욕장          0.172425       1.0  0.191569  0.357504  ... -0.019284   \n",
       "미술관           0.453277  0.191569       1.0  0.200143  ...  0.062773   \n",
       "유명관광지         0.224428  0.357504  0.200143       1.0  ...  0.028746   \n",
       "대형기념관/묘역      0.080339  0.104118  0.094928  0.016518  ...  0.410531   \n",
       "대형시민/도심공원     0.182901  0.115889  0.168732  0.065507  ...  0.484244   \n",
       "골프장CC         0.070396 -0.019284  0.062773  0.028746  ...       1.0   \n",
       "일반유원지/일반놀이공원  0.121741  0.131256  0.099696  0.084411  ...  0.426918   \n",
       "동물원           0.501545  0.134963  0.505581  0.207455  ...  0.054579   \n",
       "퍼블릭골프장        0.230924  0.292643  0.260351  0.385481  ...  0.161957   \n",
       "N             0.065829  0.026082  0.065517  0.019331  ...  0.055146   \n",
       "공연/연극/문화센터    0.241098  0.215229  0.332366  0.139372  ...  0.359403   \n",
       "도립공원          0.276399  0.361435  0.233405  0.378041  ...  0.029004   \n",
       "대형미술관         0.174456   0.17596  0.187114  0.069695  ...  0.448797   \n",
       "월드컵경기장        0.196584  0.290485  0.270688  0.278745  ...  0.013515   \n",
       "컨벤션센터         0.353538  0.188727  0.338779  0.250886  ...   0.08675   \n",
       "\n",
       "             일반유원지/일반놀이공원       동물원    퍼블릭골프장         N 공연/연극/문화센터      도립공원  \\\n",
       "테마공원/대형놀이공원      0.621738  0.230213  0.169459   0.05973   0.457857   0.16208   \n",
       "종합운동장컴플렉스        0.563495  0.220186  0.300747  0.095097   0.582076   0.25455   \n",
       "기타전시/박물관         0.600185   0.13433  0.257032  0.072178   0.498366  0.099297   \n",
       "휴양림/수목원          0.491973  0.110497  0.168538  0.107472   0.433176  0.183522   \n",
       "대형전시/박물관         0.670467  0.172498   0.16875   0.09918   0.500519  0.127369   \n",
       "요트장             -0.017314  0.185588  0.535147  0.122317   0.256191  0.368157   \n",
       "식물원              0.121741  0.501545  0.230924  0.065829   0.241098  0.276399   \n",
       "해수욕장             0.131256  0.134963  0.292643  0.026082   0.215229  0.361435   \n",
       "미술관              0.099696  0.505581  0.260351  0.065517   0.332366  0.233405   \n",
       "유명관광지            0.084411  0.207455  0.385481  0.019331   0.139372  0.378041   \n",
       "대형기념관/묘역         0.523252  0.113956  0.123417 -0.008025   0.402077  0.153404   \n",
       "대형시민/도심공원        0.628431    0.1637  0.206352   0.11261   0.557075  0.197908   \n",
       "골프장CC            0.426918  0.054579  0.161957  0.055146   0.359403  0.029004   \n",
       "일반유원지/일반놀이공원          1.0  0.134161   0.14268  0.103686   0.577697  0.078776   \n",
       "동물원              0.134161       1.0  0.164472  0.109989   0.219731  0.216373   \n",
       "퍼블릭골프장            0.14268  0.164472       1.0  0.109272   0.354173  0.339078   \n",
       "N                0.103686  0.109989  0.109272       1.0   0.092368  0.056738   \n",
       "공연/연극/문화센터       0.577697  0.219731  0.354173  0.092368        1.0  0.249412   \n",
       "도립공원             0.078776  0.216373  0.339078  0.056738   0.249412       1.0   \n",
       "대형미술관            0.581581   0.17606  0.222453     0.032   0.556914  0.092268   \n",
       "월드컵경기장           0.147441  0.224398  0.309649   0.19789   0.291756  0.308088   \n",
       "컨벤션센터             0.05526  0.289562  0.282804  0.114318   0.346769  0.212303   \n",
       "\n",
       "                 대형미술관    월드컵경기장     컨벤션센터  \n",
       "테마공원/대형놀이공원   0.454268  0.199775  0.189891  \n",
       "종합운동장컴플렉스     0.495373  0.347693  0.258459  \n",
       "기타전시/박물관      0.521576  0.186838  0.124057  \n",
       "휴양림/수목원       0.437502  0.069253  0.102844  \n",
       "대형전시/박물관      0.538896  0.200851  0.131996  \n",
       "요트장           0.032082  0.411268  0.350453  \n",
       "식물원           0.174456  0.196584  0.353538  \n",
       "해수욕장           0.17596  0.290485  0.188727  \n",
       "미술관           0.187114  0.270688  0.338779  \n",
       "유명관광지         0.069695  0.278745  0.250886  \n",
       "대형기념관/묘역      0.449715  0.162528  0.106654  \n",
       "대형시민/도심공원     0.556538  0.158893  0.154666  \n",
       "골프장CC         0.448797  0.013515   0.08675  \n",
       "일반유원지/일반놀이공원  0.581581  0.147441   0.05526  \n",
       "동물원            0.17606  0.224398  0.289562  \n",
       "퍼블릭골프장        0.222453  0.309649  0.282804  \n",
       "N                0.032   0.19789  0.114318  \n",
       "공연/연극/문화센터    0.556914  0.291756  0.346769  \n",
       "도립공원          0.092268  0.308088  0.212303  \n",
       "대형미술관              1.0  0.083234  0.124856  \n",
       "월드컵경기장        0.083234       1.0  0.348997  \n",
       "컨벤션센터         0.124856  0.348997       1.0  \n",
       "\n",
       "[22 rows x 22 columns]"
      ],
      "text/html": [
       "<div>\n",
       "<style scoped>\n",
       "    .dataframe tbody tr th:only-of-type {\n",
       "        vertical-align: middle;\n",
       "    }\n",
       "\n",
       "    .dataframe tbody tr th {\n",
       "        vertical-align: top;\n",
       "    }\n",
       "\n",
       "    .dataframe thead th {\n",
       "        text-align: right;\n",
       "    }\n",
       "</style>\n",
       "<table border=\"1\" class=\"dataframe\">\n",
       "  <thead>\n",
       "    <tr style=\"text-align: right;\">\n",
       "      <th></th>\n",
       "      <th>테마공원/대형놀이공원</th>\n",
       "      <th>종합운동장컴플렉스</th>\n",
       "      <th>기타전시/박물관</th>\n",
       "      <th>휴양림/수목원</th>\n",
       "      <th>대형전시/박물관</th>\n",
       "      <th>요트장</th>\n",
       "      <th>식물원</th>\n",
       "      <th>해수욕장</th>\n",
       "      <th>미술관</th>\n",
       "      <th>유명관광지</th>\n",
       "      <th>...</th>\n",
       "      <th>골프장CC</th>\n",
       "      <th>일반유원지/일반놀이공원</th>\n",
       "      <th>동물원</th>\n",
       "      <th>퍼블릭골프장</th>\n",
       "      <th>N</th>\n",
       "      <th>공연/연극/문화센터</th>\n",
       "      <th>도립공원</th>\n",
       "      <th>대형미술관</th>\n",
       "      <th>월드컵경기장</th>\n",
       "      <th>컨벤션센터</th>\n",
       "    </tr>\n",
       "  </thead>\n",
       "  <tbody>\n",
       "    <tr>\n",
       "      <th>테마공원/대형놀이공원</th>\n",
       "      <td>1.0</td>\n",
       "      <td>0.460232</td>\n",
       "      <td>0.564528</td>\n",
       "      <td>0.462169</td>\n",
       "      <td>0.585151</td>\n",
       "      <td>0.011045</td>\n",
       "      <td>0.154041</td>\n",
       "      <td>0.166301</td>\n",
       "      <td>0.191546</td>\n",
       "      <td>0.117248</td>\n",
       "      <td>...</td>\n",
       "      <td>0.300988</td>\n",
       "      <td>0.621738</td>\n",
       "      <td>0.230213</td>\n",
       "      <td>0.169459</td>\n",
       "      <td>0.05973</td>\n",
       "      <td>0.457857</td>\n",
       "      <td>0.16208</td>\n",
       "      <td>0.454268</td>\n",
       "      <td>0.199775</td>\n",
       "      <td>0.189891</td>\n",
       "    </tr>\n",
       "    <tr>\n",
       "      <th>종합운동장컴플렉스</th>\n",
       "      <td>0.460232</td>\n",
       "      <td>1.0</td>\n",
       "      <td>0.499512</td>\n",
       "      <td>0.401006</td>\n",
       "      <td>0.523159</td>\n",
       "      <td>0.206173</td>\n",
       "      <td>0.207274</td>\n",
       "      <td>0.190789</td>\n",
       "      <td>0.203498</td>\n",
       "      <td>0.168281</td>\n",
       "      <td>...</td>\n",
       "      <td>0.351504</td>\n",
       "      <td>0.563495</td>\n",
       "      <td>0.220186</td>\n",
       "      <td>0.300747</td>\n",
       "      <td>0.095097</td>\n",
       "      <td>0.582076</td>\n",
       "      <td>0.25455</td>\n",
       "      <td>0.495373</td>\n",
       "      <td>0.347693</td>\n",
       "      <td>0.258459</td>\n",
       "    </tr>\n",
       "    <tr>\n",
       "      <th>기타전시/박물관</th>\n",
       "      <td>0.564528</td>\n",
       "      <td>0.499512</td>\n",
       "      <td>1.0</td>\n",
       "      <td>0.517192</td>\n",
       "      <td>0.795478</td>\n",
       "      <td>0.047699</td>\n",
       "      <td>0.140374</td>\n",
       "      <td>0.113145</td>\n",
       "      <td>0.166887</td>\n",
       "      <td>0.085501</td>\n",
       "      <td>...</td>\n",
       "      <td>0.473296</td>\n",
       "      <td>0.600185</td>\n",
       "      <td>0.13433</td>\n",
       "      <td>0.257032</td>\n",
       "      <td>0.072178</td>\n",
       "      <td>0.498366</td>\n",
       "      <td>0.099297</td>\n",
       "      <td>0.521576</td>\n",
       "      <td>0.186838</td>\n",
       "      <td>0.124057</td>\n",
       "    </tr>\n",
       "    <tr>\n",
       "      <th>휴양림/수목원</th>\n",
       "      <td>0.462169</td>\n",
       "      <td>0.401006</td>\n",
       "      <td>0.517192</td>\n",
       "      <td>1.0</td>\n",
       "      <td>0.486193</td>\n",
       "      <td>0.11365</td>\n",
       "      <td>0.113868</td>\n",
       "      <td>0.087458</td>\n",
       "      <td>0.139526</td>\n",
       "      <td>0.011214</td>\n",
       "      <td>...</td>\n",
       "      <td>0.42559</td>\n",
       "      <td>0.491973</td>\n",
       "      <td>0.110497</td>\n",
       "      <td>0.168538</td>\n",
       "      <td>0.107472</td>\n",
       "      <td>0.433176</td>\n",
       "      <td>0.183522</td>\n",
       "      <td>0.437502</td>\n",
       "      <td>0.069253</td>\n",
       "      <td>0.102844</td>\n",
       "    </tr>\n",
       "    <tr>\n",
       "      <th>대형전시/박물관</th>\n",
       "      <td>0.585151</td>\n",
       "      <td>0.523159</td>\n",
       "      <td>0.795478</td>\n",
       "      <td>0.486193</td>\n",
       "      <td>1.0</td>\n",
       "      <td>0.052036</td>\n",
       "      <td>0.197808</td>\n",
       "      <td>0.110126</td>\n",
       "      <td>0.179973</td>\n",
       "      <td>0.110192</td>\n",
       "      <td>...</td>\n",
       "      <td>0.428447</td>\n",
       "      <td>0.670467</td>\n",
       "      <td>0.172498</td>\n",
       "      <td>0.16875</td>\n",
       "      <td>0.09918</td>\n",
       "      <td>0.500519</td>\n",
       "      <td>0.127369</td>\n",
       "      <td>0.538896</td>\n",
       "      <td>0.200851</td>\n",
       "      <td>0.131996</td>\n",
       "    </tr>\n",
       "    <tr>\n",
       "      <th>요트장</th>\n",
       "      <td>0.011045</td>\n",
       "      <td>0.206173</td>\n",
       "      <td>0.047699</td>\n",
       "      <td>0.11365</td>\n",
       "      <td>0.052036</td>\n",
       "      <td>1.0</td>\n",
       "      <td>0.248052</td>\n",
       "      <td>0.3771</td>\n",
       "      <td>0.133013</td>\n",
       "      <td>0.410231</td>\n",
       "      <td>...</td>\n",
       "      <td>-0.015008</td>\n",
       "      <td>-0.017314</td>\n",
       "      <td>0.185588</td>\n",
       "      <td>0.535147</td>\n",
       "      <td>0.122317</td>\n",
       "      <td>0.256191</td>\n",
       "      <td>0.368157</td>\n",
       "      <td>0.032082</td>\n",
       "      <td>0.411268</td>\n",
       "      <td>0.350453</td>\n",
       "    </tr>\n",
       "    <tr>\n",
       "      <th>식물원</th>\n",
       "      <td>0.154041</td>\n",
       "      <td>0.207274</td>\n",
       "      <td>0.140374</td>\n",
       "      <td>0.113868</td>\n",
       "      <td>0.197808</td>\n",
       "      <td>0.248052</td>\n",
       "      <td>1.0</td>\n",
       "      <td>0.172425</td>\n",
       "      <td>0.453277</td>\n",
       "      <td>0.224428</td>\n",
       "      <td>...</td>\n",
       "      <td>0.070396</td>\n",
       "      <td>0.121741</td>\n",
       "      <td>0.501545</td>\n",
       "      <td>0.230924</td>\n",
       "      <td>0.065829</td>\n",
       "      <td>0.241098</td>\n",
       "      <td>0.276399</td>\n",
       "      <td>0.174456</td>\n",
       "      <td>0.196584</td>\n",
       "      <td>0.353538</td>\n",
       "    </tr>\n",
       "    <tr>\n",
       "      <th>해수욕장</th>\n",
       "      <td>0.166301</td>\n",
       "      <td>0.190789</td>\n",
       "      <td>0.113145</td>\n",
       "      <td>0.087458</td>\n",
       "      <td>0.110126</td>\n",
       "      <td>0.3771</td>\n",
       "      <td>0.172425</td>\n",
       "      <td>1.0</td>\n",
       "      <td>0.191569</td>\n",
       "      <td>0.357504</td>\n",
       "      <td>...</td>\n",
       "      <td>-0.019284</td>\n",
       "      <td>0.131256</td>\n",
       "      <td>0.134963</td>\n",
       "      <td>0.292643</td>\n",
       "      <td>0.026082</td>\n",
       "      <td>0.215229</td>\n",
       "      <td>0.361435</td>\n",
       "      <td>0.17596</td>\n",
       "      <td>0.290485</td>\n",
       "      <td>0.188727</td>\n",
       "    </tr>\n",
       "    <tr>\n",
       "      <th>미술관</th>\n",
       "      <td>0.191546</td>\n",
       "      <td>0.203498</td>\n",
       "      <td>0.166887</td>\n",
       "      <td>0.139526</td>\n",
       "      <td>0.179973</td>\n",
       "      <td>0.133013</td>\n",
       "      <td>0.453277</td>\n",
       "      <td>0.191569</td>\n",
       "      <td>1.0</td>\n",
       "      <td>0.200143</td>\n",
       "      <td>...</td>\n",
       "      <td>0.062773</td>\n",
       "      <td>0.099696</td>\n",
       "      <td>0.505581</td>\n",
       "      <td>0.260351</td>\n",
       "      <td>0.065517</td>\n",
       "      <td>0.332366</td>\n",
       "      <td>0.233405</td>\n",
       "      <td>0.187114</td>\n",
       "      <td>0.270688</td>\n",
       "      <td>0.338779</td>\n",
       "    </tr>\n",
       "    <tr>\n",
       "      <th>유명관광지</th>\n",
       "      <td>0.117248</td>\n",
       "      <td>0.168281</td>\n",
       "      <td>0.085501</td>\n",
       "      <td>0.011214</td>\n",
       "      <td>0.110192</td>\n",
       "      <td>0.410231</td>\n",
       "      <td>0.224428</td>\n",
       "      <td>0.357504</td>\n",
       "      <td>0.200143</td>\n",
       "      <td>1.0</td>\n",
       "      <td>...</td>\n",
       "      <td>0.028746</td>\n",
       "      <td>0.084411</td>\n",
       "      <td>0.207455</td>\n",
       "      <td>0.385481</td>\n",
       "      <td>0.019331</td>\n",
       "      <td>0.139372</td>\n",
       "      <td>0.378041</td>\n",
       "      <td>0.069695</td>\n",
       "      <td>0.278745</td>\n",
       "      <td>0.250886</td>\n",
       "    </tr>\n",
       "    <tr>\n",
       "      <th>대형기념관/묘역</th>\n",
       "      <td>0.423263</td>\n",
       "      <td>0.429294</td>\n",
       "      <td>0.527172</td>\n",
       "      <td>0.401035</td>\n",
       "      <td>0.453916</td>\n",
       "      <td>-0.052156</td>\n",
       "      <td>0.080339</td>\n",
       "      <td>0.104118</td>\n",
       "      <td>0.094928</td>\n",
       "      <td>0.016518</td>\n",
       "      <td>...</td>\n",
       "      <td>0.410531</td>\n",
       "      <td>0.523252</td>\n",
       "      <td>0.113956</td>\n",
       "      <td>0.123417</td>\n",
       "      <td>-0.008025</td>\n",
       "      <td>0.402077</td>\n",
       "      <td>0.153404</td>\n",
       "      <td>0.449715</td>\n",
       "      <td>0.162528</td>\n",
       "      <td>0.106654</td>\n",
       "    </tr>\n",
       "    <tr>\n",
       "      <th>대형시민/도심공원</th>\n",
       "      <td>0.466399</td>\n",
       "      <td>0.542013</td>\n",
       "      <td>0.601268</td>\n",
       "      <td>0.564371</td>\n",
       "      <td>0.604592</td>\n",
       "      <td>0.097049</td>\n",
       "      <td>0.182901</td>\n",
       "      <td>0.115889</td>\n",
       "      <td>0.168732</td>\n",
       "      <td>0.065507</td>\n",
       "      <td>...</td>\n",
       "      <td>0.484244</td>\n",
       "      <td>0.628431</td>\n",
       "      <td>0.1637</td>\n",
       "      <td>0.206352</td>\n",
       "      <td>0.11261</td>\n",
       "      <td>0.557075</td>\n",
       "      <td>0.197908</td>\n",
       "      <td>0.556538</td>\n",
       "      <td>0.158893</td>\n",
       "      <td>0.154666</td>\n",
       "    </tr>\n",
       "    <tr>\n",
       "      <th>골프장CC</th>\n",
       "      <td>0.300988</td>\n",
       "      <td>0.351504</td>\n",
       "      <td>0.473296</td>\n",
       "      <td>0.42559</td>\n",
       "      <td>0.428447</td>\n",
       "      <td>-0.015008</td>\n",
       "      <td>0.070396</td>\n",
       "      <td>-0.019284</td>\n",
       "      <td>0.062773</td>\n",
       "      <td>0.028746</td>\n",
       "      <td>...</td>\n",
       "      <td>1.0</td>\n",
       "      <td>0.426918</td>\n",
       "      <td>0.054579</td>\n",
       "      <td>0.161957</td>\n",
       "      <td>0.055146</td>\n",
       "      <td>0.359403</td>\n",
       "      <td>0.029004</td>\n",
       "      <td>0.448797</td>\n",
       "      <td>0.013515</td>\n",
       "      <td>0.08675</td>\n",
       "    </tr>\n",
       "    <tr>\n",
       "      <th>일반유원지/일반놀이공원</th>\n",
       "      <td>0.621738</td>\n",
       "      <td>0.563495</td>\n",
       "      <td>0.600185</td>\n",
       "      <td>0.491973</td>\n",
       "      <td>0.670467</td>\n",
       "      <td>-0.017314</td>\n",
       "      <td>0.121741</td>\n",
       "      <td>0.131256</td>\n",
       "      <td>0.099696</td>\n",
       "      <td>0.084411</td>\n",
       "      <td>...</td>\n",
       "      <td>0.426918</td>\n",
       "      <td>1.0</td>\n",
       "      <td>0.134161</td>\n",
       "      <td>0.14268</td>\n",
       "      <td>0.103686</td>\n",
       "      <td>0.577697</td>\n",
       "      <td>0.078776</td>\n",
       "      <td>0.581581</td>\n",
       "      <td>0.147441</td>\n",
       "      <td>0.05526</td>\n",
       "    </tr>\n",
       "    <tr>\n",
       "      <th>동물원</th>\n",
       "      <td>0.230213</td>\n",
       "      <td>0.220186</td>\n",
       "      <td>0.13433</td>\n",
       "      <td>0.110497</td>\n",
       "      <td>0.172498</td>\n",
       "      <td>0.185588</td>\n",
       "      <td>0.501545</td>\n",
       "      <td>0.134963</td>\n",
       "      <td>0.505581</td>\n",
       "      <td>0.207455</td>\n",
       "      <td>...</td>\n",
       "      <td>0.054579</td>\n",
       "      <td>0.134161</td>\n",
       "      <td>1.0</td>\n",
       "      <td>0.164472</td>\n",
       "      <td>0.109989</td>\n",
       "      <td>0.219731</td>\n",
       "      <td>0.216373</td>\n",
       "      <td>0.17606</td>\n",
       "      <td>0.224398</td>\n",
       "      <td>0.289562</td>\n",
       "    </tr>\n",
       "    <tr>\n",
       "      <th>퍼블릭골프장</th>\n",
       "      <td>0.169459</td>\n",
       "      <td>0.300747</td>\n",
       "      <td>0.257032</td>\n",
       "      <td>0.168538</td>\n",
       "      <td>0.16875</td>\n",
       "      <td>0.535147</td>\n",
       "      <td>0.230924</td>\n",
       "      <td>0.292643</td>\n",
       "      <td>0.260351</td>\n",
       "      <td>0.385481</td>\n",
       "      <td>...</td>\n",
       "      <td>0.161957</td>\n",
       "      <td>0.14268</td>\n",
       "      <td>0.164472</td>\n",
       "      <td>1.0</td>\n",
       "      <td>0.109272</td>\n",
       "      <td>0.354173</td>\n",
       "      <td>0.339078</td>\n",
       "      <td>0.222453</td>\n",
       "      <td>0.309649</td>\n",
       "      <td>0.282804</td>\n",
       "    </tr>\n",
       "    <tr>\n",
       "      <th>N</th>\n",
       "      <td>0.05973</td>\n",
       "      <td>0.095097</td>\n",
       "      <td>0.072178</td>\n",
       "      <td>0.107472</td>\n",
       "      <td>0.09918</td>\n",
       "      <td>0.122317</td>\n",
       "      <td>0.065829</td>\n",
       "      <td>0.026082</td>\n",
       "      <td>0.065517</td>\n",
       "      <td>0.019331</td>\n",
       "      <td>...</td>\n",
       "      <td>0.055146</td>\n",
       "      <td>0.103686</td>\n",
       "      <td>0.109989</td>\n",
       "      <td>0.109272</td>\n",
       "      <td>1.0</td>\n",
       "      <td>0.092368</td>\n",
       "      <td>0.056738</td>\n",
       "      <td>0.032</td>\n",
       "      <td>0.19789</td>\n",
       "      <td>0.114318</td>\n",
       "    </tr>\n",
       "    <tr>\n",
       "      <th>공연/연극/문화센터</th>\n",
       "      <td>0.457857</td>\n",
       "      <td>0.582076</td>\n",
       "      <td>0.498366</td>\n",
       "      <td>0.433176</td>\n",
       "      <td>0.500519</td>\n",
       "      <td>0.256191</td>\n",
       "      <td>0.241098</td>\n",
       "      <td>0.215229</td>\n",
       "      <td>0.332366</td>\n",
       "      <td>0.139372</td>\n",
       "      <td>...</td>\n",
       "      <td>0.359403</td>\n",
       "      <td>0.577697</td>\n",
       "      <td>0.219731</td>\n",
       "      <td>0.354173</td>\n",
       "      <td>0.092368</td>\n",
       "      <td>1.0</td>\n",
       "      <td>0.249412</td>\n",
       "      <td>0.556914</td>\n",
       "      <td>0.291756</td>\n",
       "      <td>0.346769</td>\n",
       "    </tr>\n",
       "    <tr>\n",
       "      <th>도립공원</th>\n",
       "      <td>0.16208</td>\n",
       "      <td>0.25455</td>\n",
       "      <td>0.099297</td>\n",
       "      <td>0.183522</td>\n",
       "      <td>0.127369</td>\n",
       "      <td>0.368157</td>\n",
       "      <td>0.276399</td>\n",
       "      <td>0.361435</td>\n",
       "      <td>0.233405</td>\n",
       "      <td>0.378041</td>\n",
       "      <td>...</td>\n",
       "      <td>0.029004</td>\n",
       "      <td>0.078776</td>\n",
       "      <td>0.216373</td>\n",
       "      <td>0.339078</td>\n",
       "      <td>0.056738</td>\n",
       "      <td>0.249412</td>\n",
       "      <td>1.0</td>\n",
       "      <td>0.092268</td>\n",
       "      <td>0.308088</td>\n",
       "      <td>0.212303</td>\n",
       "    </tr>\n",
       "    <tr>\n",
       "      <th>대형미술관</th>\n",
       "      <td>0.454268</td>\n",
       "      <td>0.495373</td>\n",
       "      <td>0.521576</td>\n",
       "      <td>0.437502</td>\n",
       "      <td>0.538896</td>\n",
       "      <td>0.032082</td>\n",
       "      <td>0.174456</td>\n",
       "      <td>0.17596</td>\n",
       "      <td>0.187114</td>\n",
       "      <td>0.069695</td>\n",
       "      <td>...</td>\n",
       "      <td>0.448797</td>\n",
       "      <td>0.581581</td>\n",
       "      <td>0.17606</td>\n",
       "      <td>0.222453</td>\n",
       "      <td>0.032</td>\n",
       "      <td>0.556914</td>\n",
       "      <td>0.092268</td>\n",
       "      <td>1.0</td>\n",
       "      <td>0.083234</td>\n",
       "      <td>0.124856</td>\n",
       "    </tr>\n",
       "    <tr>\n",
       "      <th>월드컵경기장</th>\n",
       "      <td>0.199775</td>\n",
       "      <td>0.347693</td>\n",
       "      <td>0.186838</td>\n",
       "      <td>0.069253</td>\n",
       "      <td>0.200851</td>\n",
       "      <td>0.411268</td>\n",
       "      <td>0.196584</td>\n",
       "      <td>0.290485</td>\n",
       "      <td>0.270688</td>\n",
       "      <td>0.278745</td>\n",
       "      <td>...</td>\n",
       "      <td>0.013515</td>\n",
       "      <td>0.147441</td>\n",
       "      <td>0.224398</td>\n",
       "      <td>0.309649</td>\n",
       "      <td>0.19789</td>\n",
       "      <td>0.291756</td>\n",
       "      <td>0.308088</td>\n",
       "      <td>0.083234</td>\n",
       "      <td>1.0</td>\n",
       "      <td>0.348997</td>\n",
       "    </tr>\n",
       "    <tr>\n",
       "      <th>컨벤션센터</th>\n",
       "      <td>0.189891</td>\n",
       "      <td>0.258459</td>\n",
       "      <td>0.124057</td>\n",
       "      <td>0.102844</td>\n",
       "      <td>0.131996</td>\n",
       "      <td>0.350453</td>\n",
       "      <td>0.353538</td>\n",
       "      <td>0.188727</td>\n",
       "      <td>0.338779</td>\n",
       "      <td>0.250886</td>\n",
       "      <td>...</td>\n",
       "      <td>0.08675</td>\n",
       "      <td>0.05526</td>\n",
       "      <td>0.289562</td>\n",
       "      <td>0.282804</td>\n",
       "      <td>0.114318</td>\n",
       "      <td>0.346769</td>\n",
       "      <td>0.212303</td>\n",
       "      <td>0.124856</td>\n",
       "      <td>0.348997</td>\n",
       "      <td>1.0</td>\n",
       "    </tr>\n",
       "  </tbody>\n",
       "</table>\n",
       "<p>22 rows × 22 columns</p>\n",
       "</div>"
      ]
     },
     "metadata": {},
     "output_type": "display_data"
    }
   ],
   "execution_count": 44
  }
 ],
 "metadata": {
  "kernelspec": {
   "display_name": "Python 3",
   "language": "python",
   "name": "python3"
  },
  "language_info": {
   "codemirror_mode": {
    "name": "ipython",
    "version": 2
   },
   "file_extension": ".py",
   "mimetype": "text/x-python",
   "name": "python",
   "nbconvert_exporter": "python",
   "pygments_lexer": "ipython2",
   "version": "2.7.6"
  }
 },
 "nbformat": 4,
 "nbformat_minor": 5
}
